241 227 209
242 228 210
241 229 211
242 230 212
238 228 211
236 226 209
237 226 212
240 229 215
243 230 216
244 231 217
247 230 217
244 227 214
242 225 212
242 225 212
242 225 212
244 225 212
245 224 209
250 224 210
252 221 206
253 218 204
251 215 199
251 212 197
240 204 186
241 208 189
242 211 190
241 213 189
240 214 190
242 217 191
245 218 192
247 220 194
250 234 217
252 236 219
250 236 218
250 235 219
250 237 221
251 238 224
246 235 221
245 233 221
250 238 226
249 237 225
249 235 223
248 234 222
250 236 224
250 236 224
246 232 220
244 228 215
237 220 207
242 221 206
247 221 205
250 219 204
250 217 202
251 217 201
255 223 207
255 225 206
250 220 201
250 223 202
251 225 201
251 224 198
248 221 195
246 219 193
248 229 214
249 230 215
250 231 216
253 234 221
254 237 224
251 235 223
251 237 225
255 246 236
251 241 231
251 242 232
250 243 234
249 242 233
248 241 232
247 240 231
247 238 229
246 236 226
245 234 220
247 234 218
247 228 213
246 223 207
252 227 211
245 219 202
246 222 204
243 219 199
245 221 201
246 222 200
248 221 200
247 219 195
246 215 192
245 214 191
231 208 193
241 218 203
244 220 208
242 220 208
248 228 217
251 233 222
246 231 222
243 231 221
242 231 223
242 235 226
246 238 231
246 240 233
245 239 232
246 240 233
247 241 234
251 244 235
248 239 226
247 236 222
249 233 220
247 231 218
250 234 218
250 234 218
254 236 219
251 233 216
249 229 211
248 226 208
247 223 205
247 222 202
248 221 201
248 221 200
249 220 205
251 225 209
249 223 209
244 223 208
243 226 213
244 228 216
242 227 218
243 231 221
244 231 223
243 232 224
245 233 227
247 237 230
247 238 234
246 240 235
243 239 234
244 238 231
255 244 234
249 235 223
252 240 228
250 242 229
243 235 222
252 243 230
254 243 229
253 237 224
255 241 228
255 239 223
251 236 220
249 234 218
248 232 216
245 229 212
251 227 209
248 226 208
248 228 211
249 231 214
248 232 216
245 232 218
247 233 221
246 234 222
247 235 225
246 236 226
249 238 230
251 240 232
250 240 233
249 239 232
246 238 231
249 240 231
249 237 227
252 240 230
245 239 228
239 239 227
235 237 225
242 242 230
240 234 221
246 237 224
249 235 223
248 234 222
246 235 221
244 233 219
240 229 215
235 224 210
244 233 211
243 232 210
244 233 213
245 231 212
241 227 209
245 233 215
250 237 221
245 235 218
243 234 220
243 236 221
245 238 223
247 240 225
247 238 225
249 237 225
254 240 228
255 243 231
251 239 227
254 248 235
245 248 233
246 255 240
246 255 241
242 252 236
248 248 234
243 237 224
243 234 221
241 229 217
239 228 214
238 227 213
238 225 211
236 223 209
121 125 100
133 137 112
181 184 159
222 224 202
212 211 190
186 185 164
195 196 176
222 223 203
246 246 228
240 240 222
233 233 215
233 231 213
238 231 214
239 231 214
240 230 213
237 229 212
242 239 224
227 233 216
194 206 188
124 140 122
34 53 34
45 64 45
178 190 172
245 251 234
247 247 231
242 237 222
235 228 213
236 226 209
239 226 210
239 226 210
23 45 20
13 35 10
26 48 23
58 82 58
48 72 48
41 65 41
42 63 41
54 71 50
91 104 82
126 138 116
217 224 203
239 244 223
239 244 223
236 241 220
245 247 227
243 250 229
164 179 158
46 65 44
34 53 32
19 40 18
11 34 12
26 52 29
46 72 49
157 180 158
75 92 71
222 231 210
243 244 224
235 229 210
249 242 223
205 195 177
0 23 0
1 37 13
0 30 5
24 64 39
13 53 28
4 46 21
6 45 23
11 49 27
27 60 39
0 27 3
66 95 72
108 137 114
80 109 86
97 126 103
65 95 70
67 99 75
0 34 10
3 36 15
3 34 13
0 29 8
0 23 1
0 32 10
10 52 29
10 52 29
0 28 6
28 56 33
34 51 30
36 48 26
39 48 27
7 14 0
24 66 48
20 65 46
20 65 46
20 66 47
14 60 41
15 66 46
31 83 65
5 62 41
24 86 64
36 100 78
35 103 80
92 160 137
39 107 82
69 137 112
74 142 117
83 148 123
75 132 111
15 67 49
10 60 42
30 80 62
35 87 69
19 75 56
10 71 51
45 108 88
49 108 88
53 106 86
85 127 109
85 124 103
89 126 106
92 127 107
31 89 71
33 92 72
37 95 77
29 89 71
36 98 80
14 80 61
3 71 54
95 169 151
102 181 160
94 177 155
93 181 158
87 177 154
94 184 161
89 180 155
88 178 155
87 172 150
71 147 129
71 142 126
74 143 128
79 148 133
82 153 137
86 159 143
92 170 153
97 175 158
99 174 158
118 189 172
0 29 13
0 15 0
0 18 0
0 34 14
110 186 168
114 193 172
115 194 175
116 197 178
113 198 178
117 204 184
117 206 187
105 195 176
104 194 175
105 197 178
100 192 175
104 196 179
100 194 177
103 198 178
101 197 180
103 199 182
109 200 185
109 199 186
108 200 187
104 196 183
99 191 178
97 187 174
91 181 168
88 176 162
89 176 162
88 173 158
89 172 157
71 153 135
47 126 107
35 111 93
81 171 148
76 166 143
85 176 153
79 172 151
85 180 159
81 178 158
85 181 164
82 181 163
82 178 161
94 190 173
94 189 174
94 189 174
93 188 173
95 190 175
90 187 173
83 180 166
90 188 174
88 189 174
86 187 172
87 188 173
87 187 175
86 184 172
90 185 171
91 183 170
92 185 170
88 181 166
89 183 166
88 180 161
99 188 168
101 188 168
77 171 146
79 173 148
75 169 144
83 179 155
82 177 156
86 184 162
81 178 158
89 185 168
87 186 168
87 185 169
81 178 164
83 178 164
93 188 174
90 182 169
89 181 170
91 183 170
89 184 169
85 183 167
84 182 166
88 183 168
91 184 169
87 180 165
79 173 156
76 170 153
81 176 156
78 175 155
67 165 143
69 165 141
56 148 123
79 170 144
76 170 145
80 174 149
84 178 154
86 180 156
92 185 164
89 184 164
83 177 160
82 178 161
83 178 163
80 175 161
86 181 167
91 186 172
88 182 171
97 189 178
87 179 168
96 188 175
94 187 172
95 188 173
93 186 171
87 181 164
89 180 165
90 182 165
86 180 163
87 182 162
80 177 157
77 175 153
75 173 149
77 174 148
77 170 143
72 163 137
79 169 146
88 178 155
91 180 160
90 179 160
86 175 159
89 177 163
92 180 167
84 174 161
90 179 169
92 184 173
95 187 176
95 189 178
95 189 178
93 187 176
94 189 175
96 188 175
90 182 169
89 181 168
89 181 168
86 181 166
87 182 168
82 180 164
73 172 154
69 168 148
73 170 150
74 169 148
75 168 147
77 168 145
75 163 140
70 158 134
80 167 147
86 173 153
88 174 156
89 175 157
87 174 160
91 178 164
95 182 172
91 178 168
94 183 174
95 184 175
92 184 173
93 185 174
91 185 174
89 183 172
88 183 169
86 181 167
92 181 171
89 181 170
86 178 165
81 178 164
83 180 166
83 182 166
81 180 164
83 182 164
81 178 158
85 177 158
86 177 156
88 177 157
87 172 150
82 167 145
81 168 148
82 169 149
83 169 151
86 172 154
86 173 159
89 176 162
93 180 170
89 176 166
92 181 171
90 179 169
83 175 164
83 175 164
82 176 165
80 174 163
80 175 161
76 171 157
98 187 177
95 187 176
90 182 169
81 178 164
77 174 160
71 170 154
68 167 151
69 168 150
80 177 157
84 176 157
86 177 156
89 178 158
88 173 151
83 168 146
79 166 146
79 166 146
81 167 149
87 173 155
86 173 159
87 174 160
88 175 165
85 172 162
89 178 168
88 177 167
79 171 160
81 173 162
81 175 164
80 174 163
81 176 162
76 171 157
82 171 161
84 176 165
83 175 162
77 174 160
73 170 156
66 165 149
66 165 149
69 168 150
67 164 144
71 163 144
74 165 144
78 167 147
77 162 140
71 156 134
